5117.0, event_gesummv_1_double_1679579722, 437.7142857142857, 580.0
5497.0, event_gesummv_2_double_1679579797, 568.1428571428571, 919.0
6611.0, event_gesummv_4_double_1679579852, 1300.0, 1974.0
10945.0, event_gesummv_8_double_1679579924, 5794.428571428572, 5876.0
27838.0, event_gesummv_16_double_1679580008, 22190.85714285714, 22274.0
93794.0, event_gesummv_32_double_1679580143, 87250.85714285714, 87334.0
354730.0, event_gesummv_64_double_1679580602, 346394.85714285716, 346478.0
5117.0, event_gesummv_1_double_1679582016, 438.0, 582.0
5462.0, event_gesummv_2_double_1679582259, 531.2857142857143, 831.0
6603.0, event_gesummv_4_double_1679582322, 1295.4285714285713, 1966.0
10945.0, event_gesummv_8_double_1679582396, 5790.857142857143, 5874.0
27838.0, event_gesummv_16_double_1679582546, 22192.85714285714, 22276.0
93794.0, event_gesummv_32_double_1679582726, 87252.85714285714, 87336.0
354730.0, event_gesummv_64_double_1679583087, 346396.85714285716, 346480.0
